-1000
-970
-940
-910
-880
-850
-820
-790
-760
-730
-700
-670
-640
-610
-580
-550
-520
-490
-460
-430
-400
-370
-340
-310
-280
-250
-220
-190
-160
-130
-100
-70
-40
-10
20
50
80
110
140
170
200
230
260
290
320
350
380
410
440
470
500
530
560
590
620
650
680
710
740
770
800
830
860
890
920
950
980
1010
1105
1221
1349
1491
1648
1822
2013
2225
2459
2718
3004
3320
3669
4055
4481
4953
5473
6049
6685
7389
8166
9025
9974
11023
12182
13463
14879
16444
18174
20085
22197
24532
27112
29964
33115
36598
40447
44701
49402
54598
60340
66686
73699
81450
90017
99484
109947
121510
134289
148413
164021