-1000
-970
-940
-910
-880
-850
-820
-790
-760
-730
-700
-670
-640
-610
-580
-550
-520
-490
-460
-430
-400
-370
-340
-310
-280
-250
-220
-190
-160
-130
-100
-70
-40
-10
20
50
80
110
140
170
200
230
260
290
320
350
380
410
440
470
500
530
560
590
620
650
680
710
740
770
800
830
860
890
920
950
980
1010
1105.170918
1221.402758
1349.858808
1491.824698
1648.721271
1822.1188
2013.752707
2225.540928
2459.603111
2718.281828
3004.166024
3320.116923
3669.296668
4055.199967
4481.68907
4953.032424
5473.947392
6049.647464
6685.894442
7389.056099
8166.169913
9025.013499
9974.182455
11023.17638
12182.49396
13463.73804
14879.73172
16444.64677
18174.14537
20085.53692
22197.95128
24532.5302
27112.63892
29964.10005
33115.45196
36598.23444
40447.30436
44701.18449
49402.44911
54598.15003
60340.2876
66686.33104
73699.7937
81450.86866
90017.1313
99484.31564
109947.1725
121510.4175
134289.7797
148413.1591
164021.9073
500000.0000
1000000.0000