-10000
-9000
-8000
-7000
-6000
-5000
-4000
-3000
-2000
-1000
-985
-970
-955
-940
-925
-910
-895
-880
-865
-850
-835
-820
-805
-790
-775
-760
-745
-730
-715
-700
-685
-670
-655
-640
-625
-610
-595
-580
-565
-550
-535
-520
-505
-490
-475
-460
-445
-430
-415
-400
-385
-370
-355
-340
-325
-310
-295
-280
-265
-250
-235
-220
-205
-190
-175
-160
-145
-130
-115
-100
-85
-70
-55
-40
-25
-10
5
20
35
50
65
80
95
110
125
140
155
170
185
200
215
230
245
260
275
290
305
320
335
350
365
380
395
410
425
440
455
470
485
500
515
530
545
560
575
590
605
620
635
650
665
680
695
710
725
740
755
770
785
800
815
830
845
860
875
890
905
920
935
950
965
980
995
1010
1072
1176
1291
1417
1555
1707
1873
2056
2257
2477
2718
2983
3274
3593
3944
4328
4750
5214
5722
6280
6892
7564
8302
9111
10000
10974
12045
13219
14508
15922
17475
19179
21049
23101
25353
27825
30538
33516
36783
40370
44306
48626
53366
58570
64280
70548
77426
84975
93260
102353
112332
123284
135304
148496
162975
178864
196304
215443
236448
259502
284803
312571
343046
376493
413201
453487
497702
546227
599484
657933
722080
792482
869749
954548
1047615